120

-1
256
1456
448
16

-1
0
1472
224
16

-1
256
1552
544
16

-1
32
1648
448
16

-1
0
1344
32
16

-1
736
1344
32
16

-1
0
1360
32
16

-1
736
1360
32
16

-1
0
1376
32
16

-1
736
1376
32
16

-1
0
1392
32
16

-1
736
1392
32
16

-1
736
1408
32
16

-1
736
1424
32
16

-1
736
1440
32
16

-1
736
1456
32
16

-1
736
1472
32
16

-1
736
1488
32
16

-1
736
1504
32
16

-1
0
1520
32
16

-1
736
1520
64
16

-1
1504
1520
32
16

-1
0
1536
32
16

-1
736
1536
64
16

-1
1504
1536
32
16

-1
0
1552
32
16

-1
1504
1552
32
16

-1
0
1568
32
16

-1
1504
1568
32
16

-1
0
1584
32
16

-1
832
1584
16
16

-1
1504
1584
32
16

-1
0
1600
32
16

-1
1504
1600
32
16

-1
0
1616
32
16

-1
704
1616
96
16

-1
1504
1616
32
16

-1
0
1632
32
16

-1
128
1632
32
16

-1
672
1632
128
16

-1
1504
1632
32
16

-1
0
1648
32
16

-1
480
1648
32
16

-1
672
1648
128
16

-1
1504
1648
32
16

-1
0
1664
32
16

-1
480
1664
32
16

-1
672
1664
128
16

-1
1504
1664
32
16

-1
0
1680
32
16

-1
480
1680
320
16

-1
768
1696
32
16

-1
2016
1696
32
16

-1
768
1712
32
16

-1
2016
1712
32
16

-1
768
1728
32
16

-1
2016
1728
32
16

-1
768
1744
32
16

-1
2016
1744
32
16

-1
768
1760
32
16

-1
1504
1760
48
16

-1
1664
1760
32
16

-1
1760
1760
48
16

-1
1888
1760
48
16

-1
2016
1760
32
16

-1
768
1776
32
16

-1
1504
1776
48
16

-1
1664
1776
32
16

-1
1760
1776
48
16

-1
1888
1776
32
16

-1
2016
1776
32
16

-1
768
1792
32
16

-1
1504
1792
48
16

-1
1600
1792
16
16

-1
1664
1792
32
16

-1
1760
1792
48
16

-1
1888
1792
32
16

-1
2016
1792
32
16

-1
768
1808
32
16

-1
1504
1808
48
16

-1
1664
1808
32
16

-1
1760
1808
48
16

-1
1888
1808
32
16

-1
2016
1808
32
16

-1
768
1824
32
16

-1
1504
1824
48
16

-1
1664
1824
32
16

-1
1760
1824
48
16

-1
2016
1824
32
16

-1
768
1840
32
16

-1
1504
1840
48
16

-1
1664
1840
32
16

-1
1760
1840
48
16

-1
2016
1840
32
16

-1
768
1856
32
16

-1
1504
1856
48
16

-1
1664
1856
32
16

-1
1760
1856
48
16

-1
2016
1856
32
16

-1
1792
1872
16
16

-1
2016
1872
32
16

-1
1792
1888
16
16

-1
2016
1888
32
16

-1
1792
1904
16
16

-1
2016
1904
32
16

-1
1792
1920
32
16

-1
2016
1920
32
16

-1
1792
1936
32
16

-1
1856
1936
16
16

-1
2016
1936
32
16

-1
1792
1952
32
16

-1
2016
1952
32
16

-1
2016
1968
32
16

-1
2016
1984
32
16

-1
2016
2000
32
16

-1
2016
2016
32
16

-1
1792
2032
256
16


0
300
1500
16
32

0
200
1500
16
32

0
100
1500
16
32