0	0	0	3584	3584	4	0
1	0	0	1792	1792	0	0	
2	1792	0	1792	1792	0	0	
3	0	1792	1792	1792	4	0
31	0	1792	896	896	0	0	
32	896	1792	896	896	0	0	
33	0	2688	896	896	4	0
331	0	2688	448	448	0	0	
332	448	2688	448	448	0	0	
333	0	3136	448	448	4	0
3331	0	3136	224	224	4	0
33311	0	3136	112	112	0	0	
33312	112	3136	112	112	0	0	
33313	0	3248	112	112	0	2	17	27	
33314	112	3248	112	112	0	2	17	25	
3332	224	3136	224	224	4	0
33321	224	3136	112	112	0	0	
33322	336	3136	112	112	0	0	
33323	224	3248	112	112	0	2	17	25	
33324	336	3248	112	112	0	2	17	26	
3333	0	3360	224	224	0	0	
3334	224	3360	224	224	0	0	
334	448	3136	448	448	4	0
3341	448	3136	224	224	4	0
33411	448	3136	112	112	0	0	
33412	560	3136	112	112	0	0	
33413	448	3248	112	112	0	2	17	28	
33414	560	3248	112	112	0	2	17	29	
3342	672	3136	224	224	4	0
33421	672	3136	112	112	0	0	
33422	784	3136	112	112	0	0	
33423	672	3248	112	112	0	1	17	
33424	784	3248	112	112	0	0	
3343	448	3360	224	224	0	0	
3344	672	3360	224	224	4	0
33441	672	3360	112	112	0	1	13	
33442	784	3360	112	112	0	1	13	
33443	672	3472	112	112	0	0	
33444	784	3472	112	112	0	0	
34	896	2688	896	896	4	0
341	896	2688	448	448	0	0	
342	1344	2688	448	448	0	0	
343	896	3136	448	448	4	0
3431	896	3136	224	224	0	0	
3432	1120	3136	224	224	0	0	
3433	896	3360	224	224	4	0
34331	896	3360	112	112	0	1	13	
34332	1008	3360	112	112	0	1	13	
34333	896	3472	112	112	0	0	
34334	1008	3472	112	112	0	0	
3434	1120	3360	224	224	4	0
34341	1120	3360	112	112	0	1	13	
34342	1232	3360	112	112	0	1	13	
34343	1120	3472	112	112	0	0	
34344	1232	3472	112	112	0	0	
344	1344	3136	448	448	4	0
3441	1344	3136	224	224	4	0
34411	1344	3136	112	112	0	0	
34412	1456	3136	112	112	0	0	
34413	1344	3248	112	112	0	0	
34414	1456	3248	112	112	0	2	33	44	
3442	1568	3136	224	224	4	0
34421	1568	3136	112	112	0	0	
34422	1680	3136	112	112	0	0	
34423	1568	3248	112	112	0	1	44	
34424	1680	3248	112	112	0	2	34	44	
3443	1344	3360	224	224	4	0
34431	1344	3360	112	112	0	1	13	
34432	1456	3360	112	112	0	1	13	
34433	1344	3472	112	112	0	0	
34434	1456	3472	112	112	0	0	
3444	1568	3360	224	224	4	0
34441	1568	3360	112	112	0	1	13	
34442	1680	3360	112	112	0	1	13	
34443	1568	3472	112	112	0	0	
34444	1680	3472	112	112	0	0	
4	1792	1792	1792	1792	4	0
41	1792	1792	896	896	0	0	
42	2688	1792	896	896	0	0	
43	1792	2688	896	896	4	0
431	1792	2688	448	448	0	0	
432	2240	2688	448	448	0	0	
433	1792	3136	448	448	4	0
4331	1792	3136	224	224	4	0
43311	1792	3136	112	112	0	0	
43312	1904	3136	112	112	0	0	
43313	1792	3248	112	112	0	1	34	
43314	1904	3248	112	112	0	0	
4332	2016	3136	224	224	4	0
43321	2016	3136	112	112	0	0	
43322	2128	3136	112	112	0	0	
43323	2016	3248	112	112	0	0	
43324	2128	3248	112	112	0	1	45	
4333	1792	3360	224	224	4	0
43331	1792	3360	112	112	0	1	13	
43332	1904	3360	112	112	0	1	13	
43333	1792	3472	112	112	0	0	
43334	1904	3472	112	112	0	0	
4334	2016	3360	224	224	4	0
43341	2016	3360	112	112	0	1	13	
43342	2128	3360	112	112	0	1	13	
43343	2016	3472	112	112	0	0	
43344	2128	3472	112	112	0	0	
434	2240	3136	448	448	4	0
4341	2240	3136	224	224	4	0
43411	2240	3136	112	112	0	1	49	
43412	2352	3136	112	112	0	0	
43413	2240	3248	112	112	0	6	18	21	30	35	41	45	
43414	2352	3248	112	112	0	2	36	45	
4342	2464	3136	224	224	4	0
43421	2464	3136	112	112	0	0	
43422	2576	3136	112	112	0	0	
43423	2464	3248	112	112	0	1	36	
43424	2576	3248	112	112	0	2	37	42	
4343	2240	3360	224	224	4	0
43431	2240	3360	112	112	0	1	13	
43432	2352	3360	112	112	0	3	8	13	14	
43433	2240	3472	112	112	0	1	3	
43434	2352	3472	112	112	0	1	3	
4344	2464	3360	224	224	4	0
43441	2464	3360	112	112	0	1	14	
43442	2576	3360	112	112	0	1	15	
43443	2464	3472	112	112	0	2	3	4	
43444	2576	3472	112	112	0	2	4	5	
44	2688	2688	896	896	4	0
441	2688	2688	448	448	0	0	
442	3136	2688	448	448	0	0	
443	2688	3136	448	448	4	0
4431	2688	3136	224	224	4	0
44311	2688	3136	112	112	0	1	50	
44312	2800	3136	112	112	0	1	50	
44313	2688	3248	112	112	0	2	37	46	
44314	2800	3248	112	112	0	6	19	22	31	38	43	46	
4432	2912	3136	224	224	4	0
44321	2912	3136	112	112	0	0	
44322	3024	3136	112	112	0	0	
44323	2912	3248	112	112	0	2	39	46	
44324	3024	3248	112	112	0	1	39	
4433	2688	3360	224	224	4	0
44331	2688	3360	112	112	0	1	16	
44332	2800	3360	112	112	0	6	7	9	10	11	12	16	
44333	2688	3472	112	112	0	3	0	1	5	
44334	2800	3472	112	112	0	3	1	2	6	
4434	2912	3360	224	224	4	0
44341	2912	3360	112	112	0	1	16	
44342	3024	3360	112	112	0	1	16	
44343	2912	3472	112	112	0	0	
44344	3024	3472	112	112	0	0	
444	3136	3136	448	448	4	0
4441	3136	3136	224	224	0	0	
4442	3360	3136	224	224	4	0
44421	3360	3136	112	112	0	0	
44422	3472	3136	112	112	0	3	47	48	51	
44423	3360	3248	112	112	0	0	
44424	3472	3248	112	112	0	5	20	23	24	32	40	
4443	3136	3360	224	224	4	0
44431	3136	3360	112	112	0	1	16	
44432	3248	3360	112	112	0	1	16	
44433	3136	3472	112	112	0	0	
44434	3248	3472	112	112	0	0	
4444	3360	3360	224	224	4	0
44441	3360	3360	112	112	0	1	16	
44442	3472	3360	112	112	0	1	16	
44443	3360	3472	112	112	0	0	
44444	3472	3472	112	112	0	0	
